This is cutadapt 5.2 with Python 3.13.14
Command line parameters: -a AGATCGGAAGAGCACACGTCTGAACTCCAGTCA -A AGATCGGAAGAGCGTCGTGTAGGGAAAGAGTGT -q 30,30 -m 30 -o /scratch/users/taerim/projects/YiLu_DNAzyme/v1_clean/results/aKG19/aKG19_R1_trimmed.fastq.gz -p /scratch/users/taerim/projects/YiLu_DNAzyme/v1_clean/results/aKG19/aKG19_R2_trimmed.fastq.gz /scratch/users/taerim/projects/YiLu_DNAzyme/v1_clean/data/aKG/aKG19_L001/aKG19_S7_L001_R1_001.fastq.gz /scratch/users/taerim/projects/YiLu_DNAzyme/v1_clean/data/aKG/aKG19_L001/aKG19_S7_L001_R2_001.fastq.gz
Processing paired-end reads on 1 core ...

=== Summary ===

Total read pairs processed:            294,610
  Read 1 with adapter:                 279,523 (94.9%)
  Read 2 with adapter:                 277,969 (94.4%)

== Read fate breakdown ==
Pairs that were too short:              12,172 (4.1%)
Pairs written (passing filters):       282,438 (95.9%)

Total basepairs processed:    88,972,220 bp
  Read 1:    44,486,110 bp
  Read 2:    44,486,110 bp
Quality-trimmed:               3,542,491 bp (4.0%)
  Read 1:     1,738,701 bp
  Read 2:     1,803,790 bp
Total written (filtered):     53,464,010 bp (60.1%)
  Read 1:    26,673,859 bp
  Read 2:    26,790,151 bp

=== First read: Adapter 1 ===

Sequence: AGATCGGAAGAGCACACGTCTGAACTCCAGTCA; Type: regular 3'; Length: 33; Trimmed: 279523 times

Minimum overlap: 3
No. of allowed errors:
1-9 bp: 0; 10-19 bp: 1; 20-29 bp: 2; 30-33 bp: 3

Bases preceding removed adapters:
  A: 49.7%
  C: 45.3%
  G: 1.1%
  T: 4.0%
  none/other: 0.0%

Overview of removed sequences
length	count	expect	max.err	error counts
3	207	4603.3	0	207
4	164	1150.8	0	164
5	69	287.7	0	69
6	24	71.9	0	24
7	13	18.0	0	13
8	13	4.5	0	13
9	112	1.1	0	112
10	27	0.3	1	25 2
11	58	0.1	1	53 5
12	35	0.0	1	33 2
13	46	0.0	1	43 3
14	43	0.0	1	35 8
15	52	0.0	1	43 9
16	92	0.0	1	80 12
17	215	0.0	1	196 19
18	179	0.0	1	163 16
19	91	0.0	1	75 16
20	114	0.0	2	93 16 5
21	56	0.0	2	46 8 2
22	18	0.0	2	15 3
23	26	0.0	2	17 6 3
24	233	0.0	2	189 39 5
25	192	0.0	2	163 25 4
26	96	0.0	2	68 23 5
27	137	0.0	2	111 20 6
28	109	0.0	2	88 17 4
29	273	0.0	2	210 58 5
30	127	0.0	3	96 24 6 1
31	86	0.0	3	60 17 7 2
32	137	0.0	3	103 24 7 3
33	370	0.0	3	271 78 16 5
34	453	0.0	3	263 104 49 37
35	1328	0.0	3	497 432 260 139
36	688	0.0	3	340 236 75 37
37	902	0.0	3	669 189 36 8
38	732	0.0	3	576 126 24 6
39	804	0.0	3	652 126 22 4
40	322	0.0	3	242 64 12 4
41	727	0.0	3	576 122 25 4
42	953	0.0	3	776 146 22 9
43	1226	0.0	3	1012 179 32 3
44	1357	0.0	3	1107 216 29 5
45	1825	0.0	3	1547 231 37 10
46	367	0.0	3	282 72 11 2
47	308	0.0	3	250 47 7 4
48	289	0.0	3	235 44 7 3
49	260	0.0	3	217 36 3 4
50	353	0.0	3	264 75 12 2
51	957	0.0	3	799 123 28 7
52	1033	0.0	3	848 140 30 15
53	1145	0.0	3	904 179 49 13
54	5596	0.0	3	4868 561 126 41
55	52591	0.0	3	48820 2834 650 287
56	170086	0.0	3	156144 11451 1790 701
57	21856	0.0	3	20076 1444 233 103
58	4459	0.0	3	3759 575 96 29
59	2598	0.0	3	1621 749 166 62
60	614	0.0	3	519 80 13 2
61	229	0.0	3	160 50 14 5
62	112	0.0	3	93 15 4
63	74	0.0	3	65 7 1 1
64	58	0.0	3	51 6 0 1
65	27	0.0	3	18 8 1
66	58	0.0	3	56 2
67	32	0.0	3	27 5
68	48	0.0	3	46 2
69	28	0.0	3	27 1
70	21	0.0	3	18 2 1
71	2	0.0	3	1 1
72	3	0.0	3	2 1
73	6	0.0	3	6
74	8	0.0	3	6 1 1
75	23	0.0	3	20 1 1 1
76	103	0.0	3	78 23 2
77	1115	0.0	3	800 272 40 3
78	59	0.0	3	46 11 1 1
79	5	0.0	3	4 1
80	14	0.0	3	13 1
81	13	0.0	3	10 2 0 1
82	6	0.0	3	5 0 1
83	9	0.0	3	5 4
84	8	0.0	3	8
85	9	0.0	3	8 0 1
86	2	0.0	3	2
87	6	0.0	3	5 1
88	3	0.0	3	3
89	1	0.0	3	1
90	3	0.0	3	3
91	2	0.0	3	2
92	5	0.0	3	5
93	10	0.0	3	7 2 0 1
94	12	0.0	3	8 3 1
95	4	0.0	3	3 1
96	3	0.0	3	2 1
97	2	0.0	3	2
98	3	0.0	3	2 1
99	2	0.0	3	2
100	22	0.0	3	19 2 1
101	3	0.0	3	3
102	1	0.0	3	1
103	1	0.0	3	1
105	1	0.0	3	1
107	2	0.0	3	0 2
108	6	0.0	3	5 0 1
109	4	0.0	3	2 2
110	1	0.0	3	1
111	11	0.0	3	7 3 1
112	2	0.0	3	1 1
113	3	0.0	3	2 1
114	4	0.0	3	3 1
115	29	0.0	3	14 12 1 2
116	2	0.0	3	0 1 0 1
117	1	0.0	3	0 0 0 1
118	6	0.0	3	5 0 1
119	1	0.0	3	0 1
120	1	0.0	3	1
121	8	0.0	3	4 4
122	5	0.0	3	5
123	4	0.0	3	4
124	1	0.0	3	1
125	1	0.0	3	1
127	1	0.0	3	1
129	1	0.0	3	1
130	3	0.0	3	3
131	1	0.0	3	0 1
134	3	0.0	3	3
135	4	0.0	3	3 0 1
140	2	0.0	3	2
150	2	0.0	3	0 1 1
151	15	0.0	3	0 14 1


=== Second read: Adapter 2 ===

Sequence: AGATCGGAAGAGCGTCGTGTAGGGAAAGAGTGT; Type: regular 3'; Length: 33; Trimmed: 277969 times

Minimum overlap: 3
No. of allowed errors:
1-9 bp: 0; 10-19 bp: 1; 20-29 bp: 2; 30-33 bp: 3

Bases preceding removed adapters:
  A: 46.5%
  C: 48.8%
  G: 1.0%
  T: 3.7%
  none/other: 0.0%

Overview of removed sequences
length	count	expect	max.err	error counts
3	170	4603.3	0	170
4	205	1150.8	0	205
5	71	287.7	0	71
6	20	71.9	0	20
7	11	18.0	0	11
8	32	4.5	0	32
9	125	1.1	0	125
10	12	0.3	1	12
11	140	0.1	1	118 22
12	87	0.0	1	77 10
13	71	0.0	1	61 10
14	38	0.0	1	33 5
15	42	0.0	1	34 8
16	49	0.0	1	43 6
17	80	0.0	1	67 13
18	38	0.0	1	31 7
19	43	0.0	1	35 8
20	22	0.0	2	18 3 1
21	81	0.0	2	56 20 5
22	26	0.0	2	20 5 1
23	17	0.0	2	15 2
24	50	0.0	2	35 6 9
25	24	0.0	2	18 4 2
26	31	0.0	2	18 12 1
27	495	0.0	2	341 129 25
28	35	0.0	2	13 16 6
29	267	0.0	2	195 66 6
30	45	0.0	3	35 8 2
31	136	0.0	3	94 33 8 1
32	38	0.0	3	26 7 4 1
33	178	0.0	3	122 44 7 5
34	539	0.0	3	412 102 19 6
35	337	0.0	3	235 58 26 18
36	585	0.0	3	451 103 21 10
37	188	0.0	3	138 39 10 1
38	76	0.0	3	50 22 2 2
39	48	0.0	3	36 11 1
40	226	0.0	3	168 53 4 1
41	192	0.0	3	142 34 10 6
42	147	0.0	3	128 18 1
43	110	0.0	3	81 22 3 4
44	40	0.0	3	30 7 2 1
45	142	0.0	3	88 40 10 4
46	860	0.0	3	701 122 27 10
47	53	0.0	3	38 11 4
48	174	0.0	3	139 24 7 4
49	329	0.0	3	251 51 21 6
50	182	0.0	3	123 42 11 6
51	259	0.0	3	179 54 19 7
52	1138	0.0	3	858 207 54 19
53	787	0.0	3	620 130 30 7
54	2309	0.0	3	1820 338 114 37
55	16010	0.0	3	12216 2857 677 260
56	217574	0.0	3	200568 14358 1996 652
57	20543	0.0	3	18740 1472 273 58
58	4637	0.0	3	4007 447 123 60
59	4390	0.0	3	3529 618 170 73
60	923	0.0	3	801 88 25 9
61	447	0.0	3	374 54 14 5
62	87	0.0	3	81 5 1
63	100	0.0	3	79 19 2
64	55	0.0	3	47 7 1
65	40	0.0	3	35 3 2
66	33	0.0	3	30 1 1 1
67	17	0.0	3	16 0 1
68	22	0.0	3	19 1 2
69	16	0.0	3	15 1
70	68	0.0	3	60 6 2
71	161	0.0	3	138 15 4 4
72	54	0.0	3	51 3
73	105	0.0	3	97 6 2
74	405	0.0	3	388 14 3
75	365	0.0	3	344 17 3 1
76	126	0.0	3	119 4 3
77	219	0.0	3	183 20 12 4
78	16	0.0	3	14 2
79	2	0.0	3	2
80	7	0.0	3	6 1
81	3	0.0	3	2 1
82	2	0.0	3	2
83	3	0.0	3	2 1
84	4	0.0	3	3 1
85	4	0.0	3	3 1
86	1	0.0	3	1
87	1	0.0	3	1
88	1	0.0	3	1
90	1	0.0	3	1
91	1	0.0	3	1
92	3	0.0	3	3
93	9	0.0	3	6 3
94	8	0.0	3	8
95	1	0.0	3	1
97	1	0.0	3	1
98	2	0.0	3	1 1
99	6	0.0	3	6
100	15	0.0	3	14 1
101	2	0.0	3	2
103	1	0.0	3	1
106	1	0.0	3	1
107	1	0.0	3	1
108	3	0.0	3	2 1
109	1	0.0	3	1
111	9	0.0	3	8 1
112	2	0.0	3	2
113	1	0.0	3	1
114	3	0.0	3	2 1
115	20	0.0	3	18 1 0 1
118	2	0.0	3	2
120	3	0.0	3	3
121	8	0.0	3	5 3
122	7	0.0	3	7
123	3	0.0	3	2 0 1
124	1	0.0	3	1
125	1	0.0	3	1
126	1	0.0	3	1
127	1	0.0	3	1
130	1	0.0	3	1
133	1	0.0	3	1
134	2	0.0	3	2
135	4	0.0	3	3 1
140	2	0.0	3	2
