This is cutadapt 5.2 with Python 3.11.15
Command line parameters: -a AGATCGGAAGAGCACACGTCTGAACTCCAGTCA -A AGATCGGAAGAGCGTCGTGTAGGGAAAGAGTGT -q 30,30 -m 30 -o /scratch/users/taerim/projects/YiLu_DNAzyme/v1_clean/results/aKG18/aKG18_R1_trimmed.fastq.gz -p /scratch/users/taerim/projects/YiLu_DNAzyme/v1_clean/results/aKG18/aKG18_R2_trimmed.fastq.gz /scratch/users/taerim/projects/YiLu_DNAzyme/v1_clean/data/aKG/aKG18_L001/aKG18_S6_L001_R1_001.fastq.gz /scratch/users/taerim/projects/YiLu_DNAzyme/v1_clean/data/aKG/aKG18_L001/aKG18_S6_L001_R2_001.fastq.gz
Processing paired-end reads on 1 core ...

=== Summary ===

Total read pairs processed:          2,774,202
  Read 1 with adapter:               2,587,514 (93.3%)
  Read 2 with adapter:               2,663,614 (96.0%)

== Read fate breakdown ==
Pairs that were too short:              88,425 (3.2%)
Pairs written (passing filters):     2,685,777 (96.8%)

Total basepairs processed:   837,809,004 bp
  Read 1:   418,904,502 bp
  Read 2:   418,904,502 bp
Quality-trimmed:              29,498,909 bp (3.5%)
  Read 1:    21,387,999 bp
  Read 2:     8,110,910 bp
Total written (filtered):    510,400,515 bp (60.9%)
  Read 1:   253,887,868 bp
  Read 2:   256,512,647 bp

=== First read: Adapter 1 ===

Sequence: AGATCGGAAGAGCACACGTCTGAACTCCAGTCA; Type: regular 3'; Length: 33; Trimmed: 2587514 times

Minimum overlap: 3
No. of allowed errors:
1-9 bp: 0; 10-19 bp: 1; 20-29 bp: 2; 30-33 bp: 3

Bases preceding removed adapters:
  A: 51.0%
  C: 40.5%
  G: 4.9%
  T: 3.5%
  none/other: 0.1%

Overview of removed sequences
length	count	expect	max.err	error counts
3	1664	43346.9	0	1664
4	1469	10836.7	0	1469
5	510	2709.2	0	510
6	163	677.3	0	163
7	246	169.3	0	246
8	205	42.3	0	205
9	750	10.6	0	747 3
10	259	2.6	1	234 25
11	350	0.7	1	311 39
12	346	0.2	1	295 51
13	332	0.0	1	284 48
14	526	0.0	1	461 65
15	634	0.0	1	567 67
16	964	0.0	1	819 145
17	2814	0.0	1	2383 431
18	2413	0.0	1	2123 290
19	1118	0.0	1	988 127 3
20	1486	0.0	2	1303 156 27
21	593	0.0	2	478 100 15
22	848	0.0	2	672 153 23
23	495	0.0	2	354 120 21
24	1786	0.0	2	1478 267 41
25	2915	0.0	2	2509 355 51
26	1059	0.0	2	789 235 35
27	2393	0.0	2	1655 553 185
28	4251	0.0	2	3064 988 199
29	2955	0.0	2	2301 562 90 2
30	2321	0.0	3	1794 443 72 12
31	2088	0.0	3	1439 515 99 35
32	5224	0.0	3	3579 1292 297 56
33	3038	0.0	3	2033 734 210 61
34	9131	0.0	3	5288 2676 817 350
35	13811	0.0	3	4754 5758 2308 991
36	13042	0.0	3	8343 3302 994 403
37	7119	0.0	3	4923 1519 457 220
38	8357	0.0	3	6888 1210 211 48
39	6912	0.0	3	5774 940 179 19
40	11143	0.0	3	9114 1781 216 32
41	25023	0.0	3	21772 2882 328 41
42	26962	0.0	3	23257 3337 327 41
43	22049	0.0	3	19362 2418 247 22
44	27314	0.0	3	24149 2829 300 36
45	33880	0.0	3	30447 3037 364 32
46	3540	0.0	3	2893 540 93 14
47	2414	0.0	3	2032 323 51 8
48	4355	0.0	3	3824 450 66 15
49	4902	0.0	3	4367 467 53 15
50	3658	0.0	3	3120 474 56 8
51	10522	0.0	3	9343 1020 140 19
52	12355	0.0	3	11002 1128 180 45
53	21142	0.0	3	19042 1761 250 89
54	59148	0.0	3	53532 4867 585 164
55	499159	0.0	3	473318 21631 3095 1115
56	1228707	0.0	3	1144109 73774 8042 2782
57	299591	0.0	3	280732 16562 1702 595
58	81316	0.0	3	73379 6777 887 273
59	77971	0.0	3	64221 10538 2283 929
60	8557	0.0	3	7738 648 123 48
61	3521	0.0	3	3013 422 54 32
62	2503	0.0	3	2290 176 26 11
63	2081	0.0	3	1858 188 26 9
64	1015	0.0	3	951 59 4 1
65	516	0.0	3	443 64 8 1
66	516	0.0	3	498 15 3
67	253	0.0	3	215 29 7 2
68	201	0.0	3	185 15 1
69	162	0.0	3	155 5 0 2
70	174	0.0	3	157 13 2 2
71	5	0.0	3	1 1 3
72	21	0.0	3	3 13 3 2
73	44	0.0	3	39 5
74	122	0.0	3	104 15 3
75	222	0.0	3	200 20 2
76	381	0.0	3	344 32 4 1
77	2829	0.0	3	2554 240 26 9
78	278	0.0	3	244 32 1 1
79	90	0.0	3	78 11 1
80	49	0.0	3	45 3 0 1
81	110	0.0	3	99 8 2 1
82	66	0.0	3	63 3
83	91	0.0	3	49 25 9 8
84	60	0.0	3	58 2
85	45	0.0	3	39 5 1
86	21	0.0	3	19 2
87	30	0.0	3	23 6 1
88	23	0.0	3	19 4
89	15	0.0	3	13 2
90	19	0.0	3	19
91	33	0.0	3	27 4 2
92	15	0.0	3	14 1
93	159	0.0	3	137 17 4 1
94	68	0.0	3	62 5 1
95	27	0.0	3	25 1 1
96	33	0.0	3	28 3 1 1
97	14	0.0	3	11 3
98	6	0.0	3	5 0 1
99	37	0.0	3	34 3
100	69	0.0	3	63 4 1 1
101	25	0.0	3	22 3
102	17	0.0	3	16 1
103	19	0.0	3	18 1
104	11	0.0	3	8 3
105	8	0.0	3	6 2
106	12	0.0	3	10 1 0 1
107	7	0.0	3	6 0 0 1
108	8	0.0	3	8
109	11	0.0	3	11
110	19	0.0	3	14 2 1 2
111	127	0.0	3	109 16 1 1
112	10	0.0	3	7 1 0 2
113	23	0.0	3	18 2 3
114	10	0.0	3	6 4
115	153	0.0	3	113 11 10 19
116	78	0.0	3	14 23 18 23
117	52	0.0	3	24 12 8 8
118	9	0.0	3	6 0 2 1
119	19	0.0	3	7 8 3 1
120	31	0.0	3	23 4 4
121	617	0.0	3	493 102 18 4
122	76	0.0	3	70 5 0 1
123	55	0.0	3	49 5 1
124	3	0.0	3	3
125	23	0.0	3	19 4
126	4	0.0	3	3 1
127	8	0.0	3	8
128	2	0.0	3	1 1
129	2	0.0	3	2
130	3	0.0	3	1 0 1 1
131	7	0.0	3	5 0 0 2
132	1	0.0	3	1
133	4	0.0	3	4
134	8	0.0	3	7 0 1
135	91	0.0	3	88 2 0 1
136	6	0.0	3	4 2
137	2	0.0	3	2
141	1	0.0	3	0 0 1
143	1	0.0	3	0 1
147	1	0.0	3	0 0 1
148	2	0.0	3	0 0 2
149	20	0.0	3	0 2 5 13
150	123	0.0	3	0 23 89 11
151	1586	0.0	3	1 1516 65 4


=== Second read: Adapter 2 ===

Sequence: AGATCGGAAGAGCGTCGTGTAGGGAAAGAGTGT; Type: regular 3'; Length: 33; Trimmed: 2663614 times

Minimum overlap: 3
No. of allowed errors:
1-9 bp: 0; 10-19 bp: 1; 20-29 bp: 2; 30-33 bp: 3

Bases preceding removed adapters:
  A: 57.1%
  C: 35.4%
  G: 4.0%
  T: 3.5%
  none/other: 0.0%

Overview of removed sequences
length	count	expect	max.err	error counts
3	1830	43346.9	0	1830
4	1683	10836.7	0	1683
5	517	2709.2	0	517
6	190	677.3	0	190
7	1022	169.3	0	1022
8	978	42.3	0	978
9	779	10.6	0	779
10	485	2.6	1	441 44
11	472	0.7	1	428 44
12	789	0.2	1	667 122
13	424	0.0	1	378 46
14	1787	0.0	1	1612 175
15	516	0.0	1	462 54
16	591	0.0	1	484 107
17	3187	0.0	1	2730 457
18	285	0.0	1	237 48
19	1643	0.0	1	1293 349 1
20	493	0.0	2	395 78 20
21	455	0.0	2	359 84 12
22	241	0.0	2	182 52 7
23	359	0.0	2	268 74 17
24	3413	0.0	2	2685 600 128
25	1252	0.0	2	883 304 65
26	818	0.0	2	611 165 42
27	1011	0.0	2	668 270 73
28	1067	0.0	2	706 287 74
29	711	0.0	2	521 162 28
30	1727	0.0	3	1196 389 107 35
31	538	0.0	3	379 129 21 9
32	1741	0.0	3	1187 417 101 36
33	1556	0.0	3	890 434 153 79
34	1711	0.0	3	1043 401 175 92
35	38864	0.0	3	11953 11271 8983 6657
36	15306	0.0	3	7873 4490 1996 947
37	997	0.0	3	585 248 114 50
38	1535	0.0	3	851 425 184 75
39	591	0.0	3	357 162 51 21
40	1074	0.0	3	777 239 42 16
41	1341	0.0	3	1013 229 64 35
42	1057	0.0	3	819 162 54 22
43	525	0.0	3	384 107 25 9
44	793	0.0	3	476 205 73 39
45	1939	0.0	3	1241 496 151 51
46	4449	0.0	3	3265 940 203 41
47	2351	0.0	3	1451 624 205 71
48	1386	0.0	3	937 317 100 32
49	3457	0.0	3	2260 861 270 66
50	1915	0.0	3	1190 490 183 52
51	1865	0.0	3	1184 474 159 48
52	7494	0.0	3	5350 1513 487 144
53	20114	0.0	3	15581 3443 814 276
54	56784	0.0	3	39645 12266 3836 1037
55	104579	0.0	3	77698 20139 5290 1452
56	1758689	0.0	3	1477674 230946 40050 10019
57	345733	0.0	3	276645 53251 12465 3372
58	72595	0.0	3	52352 14513 4366 1364
59	139556	0.0	3	93730 33106 10076 2644
60	20665	0.0	3	14316 4333 1520 496
61	8414	0.0	3	6231 1586 470 127
62	1333	0.0	3	960 299 53 21
63	4605	0.0	3	3027 1056 397 125
64	886	0.0	3	745 117 20 4
65	448	0.0	3	354 75 12 7
66	223	0.0	3	184 34 1 4
67	448	0.0	3	318 102 23 5
68	163	0.0	3	124 30 7 2
69	196	0.0	3	143 45 5 3
70	550	0.0	3	423 89 28 10
71	374	0.0	3	297 55 16 6
72	299	0.0	3	243 40 11 5
73	320	0.0	3	290 26 4
74	566	0.0	3	524 39 3
75	238	0.0	3	224 12 1 1
76	125	0.0	3	112 12 1
77	1831	0.0	3	1578 210 31 12
78	243	0.0	3	209 27 6 1
79	74	0.0	3	60 13 1
80	47	0.0	3	33 13 1
81	96	0.0	3	80 12 4
82	56	0.0	3	50 4 2
83	85	0.0	3	53 23 6 3
84	60	0.0	3	52 4 4
85	40	0.0	3	30 7 3
86	22	0.0	3	17 2 3
87	25	0.0	3	16 8 1
88	20	0.0	3	13 6 1
89	16	0.0	3	12 4
90	22	0.0	3	19 3
91	25	0.0	3	21 4
92	15	0.0	3	12 3
93	159	0.0	3	126 24 7 2
94	70	0.0	3	58 10 0 2
95	27	0.0	3	22 5
96	31	0.0	3	27 4
97	15	0.0	3	9 5 0 1
98	7	0.0	3	7
99	35	0.0	3	29 6
100	69	0.0	3	53 10 4 2
101	22	0.0	3	20 2
102	13	0.0	3	9 4
103	20	0.0	3	13 5 2
104	8	0.0	3	8
105	5	0.0	3	4 1
106	12	0.0	3	10 0 2
107	5	0.0	3	4 0 1
108	9	0.0	3	7 2
109	11	0.0	3	9 1 0 1
110	11	0.0	3	10 0 1
111	132	0.0	3	124 7 1
112	11	0.0	3	6 2 2 1
113	17	0.0	3	13 3 0 1
114	9	0.0	3	6 0 1 2
115	123	0.0	3	96 16 7 4
116	32	0.0	3	4 8 3 17
117	26	0.0	3	17 3 3 3
118	10	0.0	3	5 3 1 1
119	8	0.0	3	5 1 1 1
120	25	0.0	3	21 3 0 1
121	617	0.0	3	537 67 11 2
122	76	0.0	3	69 6 1
123	53	0.0	3	47 5 1
124	4	0.0	3	2 2
125	19	0.0	3	17 2
126	4	0.0	3	2 2
127	8	0.0	3	8
128	2	0.0	3	1 1
129	3	0.0	3	3
131	6	0.0	3	6
132	2	0.0	3	2
133	2	0.0	3	2
134	6	0.0	3	5 1
135	92	0.0	3	81 11
136	5	0.0	3	5
137	2	0.0	3	2
151	1	0.0	3	1
