This is cutadapt 5.2 with Python 3.11.15
Command line parameters: -a AGATCGGAAGAGCACACGTCTGAACTCCAGTCA -A AGATCGGAAGAGCGTCGTGTAGGGAAAGAGTGT -q 30,30 -m 30 -o /scratch/users/taerim/projects/YiLu_DNAzyme/v1_clean/results/aKG21/aKG21_R1_trimmed.fastq.gz -p /scratch/users/taerim/projects/YiLu_DNAzyme/v1_clean/results/aKG21/aKG21_R2_trimmed.fastq.gz /scratch/users/taerim/projects/YiLu_DNAzyme/v1_clean/data/aKG/aKG21_L001/aKG21_S8_L001_R1_001.fastq.gz /scratch/users/taerim/projects/YiLu_DNAzyme/v1_clean/data/aKG/aKG21_L001/aKG21_S8_L001_R2_001.fastq.gz
Processing paired-end reads on 1 core ...

=== Summary ===

Total read pairs processed:          2,849,940
  Read 1 with adapter:               2,702,346 (94.8%)
  Read 2 with adapter:               2,763,766 (97.0%)

== Read fate breakdown ==
Pairs that were too short:              55,819 (2.0%)
Pairs written (passing filters):     2,794,121 (98.0%)

Total basepairs processed:   860,681,880 bp
  Read 1:   430,340,940 bp
  Read 2:   430,340,940 bp
Quality-trimmed:              23,024,021 bp (2.7%)
  Read 1:    16,392,173 bp
  Read 2:     6,631,848 bp
Total written (filtered):    531,458,505 bp (61.7%)
  Read 1:   265,160,867 bp
  Read 2:   266,297,638 bp

=== First read: Adapter 1 ===

Sequence: AGATCGGAAGAGCACACGTCTGAACTCCAGTCA; Type: regular 3'; Length: 33; Trimmed: 2702346 times

Minimum overlap: 3
No. of allowed errors:
1-9 bp: 0; 10-19 bp: 1; 20-29 bp: 2; 30-33 bp: 3

Bases preceding removed adapters:
  A: 48.6%
  C: 38.5%
  G: 5.7%
  T: 7.2%
  none/other: 0.0%

Overview of removed sequences
length	count	expect	max.err	error counts
3	1977	44530.3	0	1977
4	2544	11132.6	0	2544
5	613	2783.1	0	613
6	249	695.8	0	249
7	416	173.9	0	416
8	232	43.5	0	232
9	588	10.9	0	584 4
10	160	2.7	1	142 18
11	383	0.7	1	337 46
12	365	0.2	1	291 74
13	274	0.0	1	228 46
14	457	0.0	1	404 53
15	354	0.0	1	305 49
16	857	0.0	1	724 133
17	2226	0.0	1	1896 330
18	1915	0.0	1	1639 276
19	1154	0.0	1	998 153 3
20	1065	0.0	2	935 110 20
21	607	0.0	2	450 130 27
22	581	0.0	2	450 103 28
23	538	0.0	2	405 112 21
24	2403	0.0	2	1990 374 39
25	3080	0.0	2	2685 349 46
26	1140	0.0	2	869 228 43
27	1963	0.0	2	1338 494 130 1
28	3556	0.0	2	2925 516 115
29	4124	0.0	2	3285 726 106 7
30	2626	0.0	3	1967 518 118 23
31	2194	0.0	3	1247 715 180 52
32	5663	0.0	3	4502 952 172 37
33	2902	0.0	3	2120 623 132 27
34	9964	0.0	3	6915 2235 580 234
35	19714	0.0	3	13130 4403 1505 676
36	15009	0.0	3	12464 2096 366 83
37	6080	0.0	3	4515 1263 229 73
38	6923	0.0	3	5970 812 120 21
39	2624	0.0	3	1884 617 91 32
40	7094	0.0	3	6003 939 131 21
41	5540	0.0	3	4130 1218 174 18
42	24161	0.0	3	21583 2287 253 38
43	25525	0.0	3	22300 2846 332 47
44	41168	0.0	3	36565 4145 413 45
45	56315	0.0	3	52058 3815 396 46
46	7015	0.0	3	5914 970 116 15
47	3770	0.0	3	3168 514 77 11
48	8144	0.0	3	7333 711 82 18
49	9583	0.0	3	8824 651 85 23
50	5193	0.0	3	4287 799 96 11
51	16013	0.0	3	14688 1164 132 29
52	12055	0.0	3	10763 1074 171 47
53	19085	0.0	3	17006 1721 301 57
54	68478	0.0	3	62323 5412 557 186
55	556478	0.0	3	530575 21685 3206 1012
56	1109099	0.0	3	1022952 75271 8268 2608
57	438040	0.0	3	411203 23618 2533 686
58	100190	0.0	3	91775 7214 906 295
59	55850	0.0	3	48315 5829 1199 507
60	7152	0.0	3	6648 410 81 13
61	4968	0.0	3	4166 676 92 34
62	4649	0.0	3	4330 270 40 9
63	2716	0.0	3	2511 177 19 9
64	2349	0.0	3	2203 129 16 1
65	701	0.0	3	636 60 2 3
66	441	0.0	3	424 16 1
67	103	0.0	3	85 15 2 1
68	85	0.0	3	80 3 2
69	80	0.0	3	75 4 0 1
70	38	0.0	3	37 1
71	2	0.0	3	1 1
72	15	0.0	3	4 10 0 1
73	24	0.0	3	23 1
74	40	0.0	3	31 8 1
75	56	0.0	3	48 7 1
76	144	0.0	3	131 10 0 3
77	230	0.0	3	213 14 3
78	74	0.0	3	67 5 1 1
79	68	0.0	3	61 5 2
80	47	0.0	3	44 3
81	47	0.0	3	40 5 1 1
82	70	0.0	3	63 7
83	71	0.0	3	49 21 1
84	56	0.0	3	53 2 0 1
85	41	0.0	3	35 3 1 2
86	31	0.0	3	27 2 2
87	34	0.0	3	31 3
88	22	0.0	3	22
89	19	0.0	3	18 1
90	19	0.0	3	18 1
91	20	0.0	3	16 3 1
92	9	0.0	3	7 0 2
93	103	0.0	3	90 11 1 1
94	25	0.0	3	22 2 1
95	26	0.0	3	24 2
96	19	0.0	3	18 0 1
97	10	0.0	3	9 1
98	12	0.0	3	12
99	22	0.0	3	19 3
100	33	0.0	3	32 1
101	19	0.0	3	18 0 1
102	13	0.0	3	12 1
103	16	0.0	3	16
104	2	0.0	3	2
105	11	0.0	3	11
106	9	0.0	3	9
107	9	0.0	3	7 0 1 1
108	7	0.0	3	6 1
109	14	0.0	3	11 2 1
110	23	0.0	3	18 2 2 1
111	153	0.0	3	133 16 3 1
112	7	0.0	3	5 1 1
113	26	0.0	3	23 2 1
114	6	0.0	3	5 0 0 1
115	14	0.0	3	10 2 1 1
116	7	0.0	3	4 1 2
117	8	0.0	3	6 1 1
118	6	0.0	3	5 1
119	6	0.0	3	4 1 1
120	24	0.0	3	17 4 2 1
121	325	0.0	3	255 56 11 3
122	197	0.0	3	180 13 3 1
123	108	0.0	3	100 6 1 1
124	9	0.0	3	9
125	10	0.0	3	10
126	7	0.0	3	7
127	10	0.0	3	9 1
128	1	0.0	3	1
129	1	0.0	3	1
130	1	0.0	3	1
131	2	0.0	3	1 1
134	7	0.0	3	7
135	90	0.0	3	82 7 1
136	6	0.0	3	4 2
146	1	0.0	3	0 0 1
148	1	0.0	3	1
149	1	0.0	3	0 0 0 1
150	13	0.0	3	2 1 9 1
151	189	0.0	3	0 179 10


=== Second read: Adapter 2 ===

Sequence: AGATCGGAAGAGCGTCGTGTAGGGAAAGAGTGT; Type: regular 3'; Length: 33; Trimmed: 2763766 times

Minimum overlap: 3
No. of allowed errors:
1-9 bp: 0; 10-19 bp: 1; 20-29 bp: 2; 30-33 bp: 3

Bases preceding removed adapters:
  A: 48.5%
  C: 38.1%
  G: 6.1%
  T: 7.3%
  none/other: 0.0%

Overview of removed sequences
length	count	expect	max.err	error counts
3	1494	44530.3	0	1494
4	2098	11132.6	0	2098
5	401	2783.1	0	401
6	142	695.8	0	142
7	691	173.9	0	691
8	649	43.5	0	649
9	597	10.9	0	596 1
10	334	2.7	1	305 29
11	451	0.7	1	408 43
12	786	0.2	1	657 129
13	513	0.0	1	457 56
14	1515	0.0	1	1379 136
15	355	0.0	1	300 55
16	400	0.0	1	326 74
17	2232	0.0	1	1920 312
18	302	0.0	1	249 53
19	763	0.0	1	598 165
20	341	0.0	2	262 69 10
21	345	0.0	2	257 78 10
22	163	0.0	2	125 33 5
23	265	0.0	2	205 49 11
24	2625	0.0	2	1934 578 113
25	803	0.0	2	569 188 46
26	589	0.0	2	443 117 29
27	1079	0.0	2	743 274 62
28	883	0.0	2	538 249 96
29	675	0.0	2	503 145 26 1
30	957	0.0	3	631 240 64 22
31	451	0.0	3	305 112 27 7
32	1541	0.0	3	1030 324 144 43
33	1029	0.0	3	611 243 138 37
34	9234	0.0	3	4713 2607 1341 573
35	5056	0.0	3	3108 1343 473 132
36	10028	0.0	3	6390 2448 873 317
37	3961	0.0	3	2008 1075 604 274
38	924	0.0	3	569 236 79 40
39	1322	0.0	3	905 340 64 13
40	717	0.0	3	515 148 45 9
41	738	0.0	3	505 157 44 32
42	365	0.0	3	279 58 21 7
43	335	0.0	3	258 59 14 4
44	507	0.0	3	319 127 41 20
45	1536	0.0	3	1035 378 92 31
46	3726	0.0	3	2823 732 145 26
47	1622	0.0	3	1089 394 106 33
48	1006	0.0	3	660 257 72 17
49	2708	0.0	3	1908 587 160 53
50	1626	0.0	3	1115 389 97 25
51	1848	0.0	3	1251 411 138 48
52	8407	0.0	3	6203 1617 458 129
53	20126	0.0	3	16083 3158 680 205
54	53458	0.0	3	42636 8266 2015 541
55	81494	0.0	3	61149 15323 4011 1011
56	1746947	0.0	3	1528290 186234 26146 6277
57	538130	0.0	3	464218 60787 10455 2670
58	87377	0.0	3	74377 10484 1969 547
59	107339	0.0	3	86245 17112 3301 681
60	16075	0.0	3	13009 2373 523 170
61	15579	0.0	3	12933 2129 430 87
62	3724	0.0	3	3116 502 91 15
63	5767	0.0	3	4815 737 177 38
64	2152	0.0	3	1923 203 23 3
65	696	0.0	3	603 73 19 1
66	268	0.0	3	234 29 4 1
67	289	0.0	3	230 47 10 2
68	117	0.0	3	102 11 4
69	122	0.0	3	101 19 2
70	135	0.0	3	118 11 5 1
71	170	0.0	3	150 16 3 1
72	157	0.0	3	123 30 4
73	160	0.0	3	138 21 1
74	103	0.0	3	94 9
75	82	0.0	3	78 4
76	41	0.0	3	37 3 1
77	149	0.0	3	137 11 1
78	60	0.0	3	53 7
79	61	0.0	3	54 5 2
80	43	0.0	3	39 4
81	41	0.0	3	35 5 1
82	64	0.0	3	49 14 1
83	63	0.0	3	53 8 2
84	54	0.0	3	44 9 1
85	43	0.0	3	36 6 0 1
86	27	0.0	3	24 3
87	34	0.0	3	30 4
88	20	0.0	3	19 1
89	21	0.0	3	17 2 2
90	16	0.0	3	14 2
91	18	0.0	3	15 3
92	7	0.0	3	5 1 1
93	109	0.0	3	92 16 1
94	21	0.0	3	18 3
95	26	0.0	3	20 4 2
96	19	0.0	3	16 3
97	10	0.0	3	8 2
98	15	0.0	3	14 1
99	18	0.0	3	16 1 0 1
100	32	0.0	3	28 4
101	20	0.0	3	18 2
102	14	0.0	3	11 3
103	15	0.0	3	14 1
104	1	0.0	3	1
105	9	0.0	3	8 1
106	9	0.0	3	8 1
107	9	0.0	3	9
108	6	0.0	3	6
109	8	0.0	3	7 0 0 1
110	18	0.0	3	16 2
111	166	0.0	3	149 16 1
112	9	0.0	3	8 1
113	25	0.0	3	24 1
114	5	0.0	3	5
115	12	0.0	3	11 0 1
116	3	0.0	3	2 1
117	7	0.0	3	7
118	6	0.0	3	5 1
119	5	0.0	3	5
120	12	0.0	3	12
121	343	0.0	3	305 32 4 2
122	197	0.0	3	181 14 2
123	105	0.0	3	96 8 1
124	10	0.0	3	9 1
125	10	0.0	3	10
126	7	0.0	3	6 1
127	10	0.0	3	10
130	1	0.0	3	1
131	2	0.0	3	2
132	1	0.0	3	1
134	10	0.0	3	8 2
135	88	0.0	3	80 5 3
136	6	0.0	3	5 1
148	1	0.0	3	0 1
150	2	0.0	3	2
