This is cutadapt 5.2 with Python 3.11.15
Command line parameters: -a AGATCGGAAGAGCACACGTCTGAACTCCAGTCA -A AGATCGGAAGAGCGTCGTGTAGGGAAAGAGTGT -q 30,30 -m 30 -o /scratch/users/taerim/projects/YiLu_DNAzyme/v1_clean/results/nKG19/nKG19_R1_trimmed.fastq.gz -p /scratch/users/taerim/projects/YiLu_DNAzyme/v1_clean/results/nKG19/nKG19_R2_trimmed.fastq.gz /scratch/users/taerim/projects/YiLu_DNAzyme/v1_clean/data/nKG/nKG19_L001/nKG19_S9_L001_R1_001.fastq.gz /scratch/users/taerim/projects/YiLu_DNAzyme/v1_clean/data/nKG/nKG19_L001/nKG19_S9_L001_R2_001.fastq.gz
Processing paired-end reads on 1 core ...

=== Summary ===

Total read pairs processed:          2,036,360
  Read 1 with adapter:               1,961,584 (96.3%)
  Read 2 with adapter:               1,989,400 (97.7%)

== Read fate breakdown ==
Pairs that were too short:              40,377 (2.0%)
Pairs written (passing filters):     1,995,983 (98.0%)

Total basepairs processed:   614,980,720 bp
  Read 1:   307,490,360 bp
  Read 2:   307,490,360 bp
Quality-trimmed:              12,074,340 bp (2.0%)
  Read 1:     7,779,719 bp
  Read 2:     4,294,621 bp
Total written (filtered):    378,691,941 bp (61.6%)
  Read 1:   189,386,585 bp
  Read 2:   189,305,356 bp

=== First read: Adapter 1 ===

Sequence: AGATCGGAAGAGCACACGTCTGAACTCCAGTCA; Type: regular 3'; Length: 33; Trimmed: 1961584 times

Minimum overlap: 3
No. of allowed errors:
1-9 bp: 0; 10-19 bp: 1; 20-29 bp: 2; 30-33 bp: 3

Bases preceding removed adapters:
  A: 48.0%
  C: 32.6%
  G: 8.8%
  T: 10.5%
  none/other: 0.0%

Overview of removed sequences
length	count	expect	max.err	error counts
3	1054	31818.1	0	1054
4	1927	7954.5	0	1927
5	347	1988.6	0	347
6	158	497.2	0	158
7	78	124.3	0	78
8	127	31.1	0	127
9	285	7.8	0	285
10	95	1.9	1	81 14
11	248	0.5	1	206 42
12	154	0.1	1	124 30
13	128	0.0	1	96 32
14	212	0.0	1	177 35
15	132	0.0	1	108 24
16	512	0.0	1	399 113
17	1278	0.0	1	986 292
18	1330	0.0	1	1004 326
19	410	0.0	1	333 73 4
20	473	0.0	2	365 87 21
21	446	0.0	2	303 106 37
22	350	0.0	2	272 67 11
23	315	0.0	2	239 67 9
24	995	0.0	2	785 179 31
25	886	0.0	2	694 174 18
26	635	0.0	2	486 131 18
27	1320	0.0	2	962 304 54
28	1601	0.0	2	1277 279 45
29	1943	0.0	2	1447 416 73 7
30	1780	0.0	3	1325 365 71 19
31	1140	0.0	3	641 375 93 31
32	2686	0.0	3	1924 551 168 43
33	1290	0.0	3	881 306 75 28
34	3329	0.0	3	1926 997 291 115
35	10786	0.0	3	5168 3616 1306 696
36	7593	0.0	3	5671 1446 377 99
37	4248	0.0	3	2852 1012 290 94
38	3143	0.0	3	2344 645 118 36
39	2035	0.0	3	1499 415 96 25
40	2713	0.0	3	2187 449 67 10
41	3206	0.0	3	2486 603 102 15
42	8542	0.0	3	7167 1206 147 22
43	12313	0.0	3	10483 1596 199 35
44	9070	0.0	3	7254 1537 236 43
45	20552	0.0	3	17944 2277 286 45
46	2931	0.0	3	2358 478 78 17
47	1676	0.0	3	1374 249 44 9
48	2367	0.0	3	2015 298 41 13
49	2570	0.0	3	2251 275 38 6
50	2946	0.0	3	2483 411 42 10
51	7551	0.0	3	6670 740 107 34
52	8711	0.0	3	7696 824 147 44
53	19073	0.0	3	17375 1404 235 59
54	35520	0.0	3	32200 2893 325 102
55	251011	0.0	3	236609 11887 1878 637
56	778675	0.0	3	725576 45903 5504 1692
57	459408	0.0	3	431480 24474 2702 752
58	150383	0.0	3	138714 9910 1355 404
59	79479	0.0	3	69055 8386 1464 574
60	17255	0.0	3	16099 994 122 40
61	11663	0.0	3	10148 1269 184 62
62	3898	0.0	3	3609 248 32 9
63	3648	0.0	3	3389 227 29 3
64	2566	0.0	3	2407 136 21 2
65	1132	0.0	3	1040 81 5 6
66	969	0.0	3	917 45 6 1
67	424	0.0	3	391 30 3
68	319	0.0	3	303 12 4
69	215	0.0	3	207 7 0 1
70	179	0.0	3	171 7 0 1
71	4	0.0	3	2 2
72	8	0.0	3	5 3
73	46	0.0	3	43 3
74	69	0.0	3	65 3 1
75	96	0.0	3	91 4 1
76	240	0.0	3	225 14 1
77	358	0.0	3	338 16 1 3
78	158	0.0	3	146 10 2
79	126	0.0	3	119 7
80	72	0.0	3	67 4 1
81	54	0.0	3	51 3
82	80	0.0	3	72 7 1
83	89	0.0	3	61 20 6 2
84	78	0.0	3	73 5
85	53	0.0	3	42 10 0 1
86	38	0.0	3	36 2
87	42	0.0	3	37 5
88	26	0.0	3	24 0 2
89	32	0.0	3	31 1
90	23	0.0	3	23
91	21	0.0	3	20 1
92	23	0.0	3	21 0 2
93	127	0.0	3	113 12 1 1
94	16	0.0	3	15 0 1
95	25	0.0	3	24 1
96	20	0.0	3	19 1
97	18	0.0	3	16 2
98	12	0.0	3	11 1
99	20	0.0	3	20
100	19	0.0	3	18 1
101	32	0.0	3	27 4 1
102	17	0.0	3	17
103	8	0.0	3	8
104	18	0.0	3	16 2
105	15	0.0	3	14 1
106	16	0.0	3	15 1
107	14	0.0	3	14
108	9	0.0	3	6 3
109	11	0.0	3	8 2 1
110	29	0.0	3	24 4 1
111	369	0.0	3	321 38 10
112	24	0.0	3	22 2
113	75	0.0	3	71 4
114	7	0.0	3	7
115	21	0.0	3	19 2
116	19	0.0	3	14 3 1 1
117	9	0.0	3	8 1
118	9	0.0	3	8 1
119	10	0.0	3	9 0 0 1
120	29	0.0	3	19 7 2 1
121	673	0.0	3	548 97 22 6
122	279	0.0	3	262 13 2 2
123	293	0.0	3	259 24 7 3
124	11	0.0	3	11
125	28	0.0	3	24 4
126	5	0.0	3	3 1 1
127	10	0.0	3	9 1
131	4	0.0	3	3 1
132	10	0.0	3	8 1 1
133	3	0.0	3	1 2
134	8	0.0	3	8
135	135	0.0	3	126 7 2
136	19	0.0	3	18 1
137	4	0.0	3	4
138	2	0.0	3	2
139	1	0.0	3	1
143	1	0.0	3	0 1
144	12	0.0	3	10 1 1
147	1	0.0	3	0 1
149	17	0.0	3	0 1 2 14
150	80	0.0	3	1 6 65 8
151	820	0.0	3	0 779 39 2


=== Second read: Adapter 2 ===

Sequence: AGATCGGAAGAGCGTCGTGTAGGGAAAGAGTGT; Type: regular 3'; Length: 33; Trimmed: 1989400 times

Minimum overlap: 3
No. of allowed errors:
1-9 bp: 0; 10-19 bp: 1; 20-29 bp: 2; 30-33 bp: 3

Bases preceding removed adapters:
  A: 49.4%
  C: 31.3%
  G: 8.4%
  T: 10.9%
  none/other: 0.0%

Overview of removed sequences
length	count	expect	max.err	error counts
3	870	31818.1	0	870
4	1666	7954.5	0	1666
5	249	1988.6	0	249
6	87	497.2	0	87
7	298	124.3	0	298
8	226	31.1	0	226
9	248	7.8	0	247 1
10	98	1.9	1	86 12
11	317	0.5	1	280 37
12	289	0.1	1	241 48
13	326	0.0	1	276 50
14	558	0.0	1	493 65
15	133	0.0	1	116 17
16	433	0.0	1	367 66
17	2616	0.0	1	2257 359
18	468	0.0	1	409 59
19	887	0.0	1	689 197 1
20	292	0.0	2	223 64 5
21	298	0.0	2	245 45 8
22	155	0.0	2	104 41 10
23	178	0.0	2	142 28 8
24	1104	0.0	2	808 251 45
25	464	0.0	2	320 122 22
26	340	0.0	2	257 74 9
27	623	0.0	2	446 159 18
28	234	0.0	2	156 62 15 1
29	544	0.0	2	416 108 20
30	575	0.0	3	374 142 48 11
31	537	0.0	3	379 119 31 8
32	1299	0.0	3	835 326 104 34
33	2915	0.0	3	1766 749 291 109
34	7436	0.0	3	4426 1954 797 259
35	8450	0.0	3	5694 1907 628 221
36	12172	0.0	3	9404 2077 537 154
37	2708	0.0	3	1923 557 173 55
38	783	0.0	3	603 143 32 5
39	460	0.0	3	335 93 18 14
40	532	0.0	3	401 104 24 3
41	623	0.0	3	481 108 30 4
42	486	0.0	3	397 71 15 3
43	327	0.0	3	250 58 16 3
44	238	0.0	3	181 39 12 6
45	524	0.0	3	371 103 38 12
46	1465	0.0	3	1159 243 53 10
47	676	0.0	3	477 159 31 9
48	582	0.0	3	443 101 29 9
49	1357	0.0	3	1007 259 76 15
50	1043	0.0	3	793 183 49 18
51	1427	0.0	3	1073 268 70 16
52	6694	0.0	3	5396 1006 226 66
53	18486	0.0	3	16191 1909 300 86
54	36886	0.0	3	31929 4097 708 152
55	43520	0.0	3	34329 7260 1564 367
56	1016113	0.0	3	933381 73849 7287 1596
57	490063	0.0	3	448068 36923 4136 936
58	105690	0.0	3	94636 9393 1293 368
59	141812	0.0	3	124149 14994 2213 456
60	23604	0.0	3	20685 2460 363 96
61	26922	0.0	3	23952 2487 383 100
62	2762	0.0	3	2459 269 24 10
63	6305	0.0	3	5569 585 123 28
64	1998	0.0	3	1851 126 13 8
65	1118	0.0	3	1015 90 11 2
66	493	0.0	3	438 46 6 3
67	579	0.0	3	521 50 8
68	207	0.0	3	187 19 1
69	225	0.0	3	214 11
70	359	0.0	3	329 27 0 3
71	361	0.0	3	329 27 4 1
72	298	0.0	3	277 18 2 1
73	273	0.0	3	256 16 1
74	214	0.0	3	203 11
75	158	0.0	3	152 6
76	122	0.0	3	114 7 1
77	202	0.0	3	183 17 1 1
78	124	0.0	3	111 11 2
79	100	0.0	3	95 4 1
80	63	0.0	3	57 4 1 1
81	46	0.0	3	44 2
82	64	0.0	3	53 10 1
83	116	0.0	3	105 8 1 2
84	64	0.0	3	58 6
85	50	0.0	3	40 9 1
86	34	0.0	3	31 3
87	36	0.0	3	32 3 1
88	21	0.0	3	20 1
89	34	0.0	3	32 2
90	22	0.0	3	21 0 1
91	22	0.0	3	19 2 1
92	19	0.0	3	16 1 2
93	131	0.0	3	120 10 1
94	16	0.0	3	15 0 1
95	25	0.0	3	24 0 1
96	19	0.0	3	16 2 0 1
97	19	0.0	3	18 1
98	11	0.0	3	11
99	18	0.0	3	16 2
100	20	0.0	3	19 1
101	29	0.0	3	24 5
102	16	0.0	3	16
103	8	0.0	3	7 1
104	17	0.0	3	15 1 1
105	15	0.0	3	15
106	14	0.0	3	13 1
107	15	0.0	3	14 1
108	7	0.0	3	5 1 0 1
109	10	0.0	3	8 2
110	17	0.0	3	17
111	386	0.0	3	375 10 1
112	25	0.0	3	23 2
113	73	0.0	3	71 2
114	4	0.0	3	4
115	23	0.0	3	19 3 1
116	18	0.0	3	12 3 2 1
117	11	0.0	3	8 3
118	6	0.0	3	5 1
119	9	0.0	3	8 1
120	19	0.0	3	19
121	695	0.0	3	664 28 1 2
122	286	0.0	3	279 7
123	292	0.0	3	283 7 1 1
124	10	0.0	3	10
125	29	0.0	3	28 1
126	4	0.0	3	4
127	10	0.0	3	10
131	4	0.0	3	4
132	7	0.0	3	7
133	3	0.0	3	3
134	9	0.0	3	8 1
135	137	0.0	3	129 6 2
136	17	0.0	3	16 1
137	4	0.0	3	4
138	2	0.0	3	2
139	1	0.0	3	1
143	1	0.0	3	1
144	12	0.0	3	12
150	1	0.0	3	1
