This is cutadapt 5.2 with Python 3.11.15
Command line parameters: -a AGATCGGAAGAGCACACGTCTGAACTCCAGTCA -A AGATCGGAAGAGCGTCGTGTAGGGAAAGAGTGT -q 30,30 -m 30 -o /scratch/users/taerim/projects/YiLu_DNAzyme/v1_clean/results/nKG22/nKG22_R1_trimmed.fastq.gz -p /scratch/users/taerim/projects/YiLu_DNAzyme/v1_clean/results/nKG22/nKG22_R2_trimmed.fastq.gz /scratch/users/taerim/projects/YiLu_DNAzyme/v1_clean/data/nKG/nKG22_L001/nKG22_S11_L001_R1_001.fastq.gz /scratch/users/taerim/projects/YiLu_DNAzyme/v1_clean/data/nKG/nKG22_L001/nKG22_S11_L001_R2_001.fastq.gz
Processing paired-end reads on 1 core ...

=== Summary ===

Total read pairs processed:          2,474,015
  Read 1 with adapter:               2,366,643 (95.7%)
  Read 2 with adapter:               2,390,763 (96.6%)

== Read fate breakdown ==
Pairs that were too short:              79,335 (3.2%)
Pairs written (passing filters):     2,394,680 (96.8%)

Total basepairs processed:   747,152,530 bp
  Read 1:   373,576,265 bp
  Read 2:   373,576,265 bp
Quality-trimmed:              19,469,253 bp (2.6%)
  Read 1:    12,176,125 bp
  Read 2:     7,293,128 bp
Total written (filtered):    454,252,248 bp (60.8%)
  Read 1:   226,816,215 bp
  Read 2:   227,436,033 bp

=== First read: Adapter 1 ===

Sequence: AGATCGGAAGAGCACACGTCTGAACTCCAGTCA; Type: regular 3'; Length: 33; Trimmed: 2366643 times

Minimum overlap: 3
No. of allowed errors:
1-9 bp: 0; 10-19 bp: 1; 20-29 bp: 2; 30-33 bp: 3

Bases preceding removed adapters:
  A: 50.1%
  C: 30.1%
  G: 13.3%
  T: 6.4%
  none/other: 0.1%

Overview of removed sequences
length	count	expect	max.err	error counts
3	1182	38656.5	0	1182
4	1798	9664.1	0	1798
5	447	2416.0	0	447
6	292	604.0	0	292
7	104	151.0	0	104
8	137	37.8	0	137
9	285	9.4	0	285
10	132	2.4	1	106 26
11	253	0.6	1	213 40
12	214	0.1	1	165 49
13	231	0.0	1	184 47
14	246	0.0	1	206 40
15	196	0.0	1	158 38
16	503	0.0	1	382 121
17	1515	0.0	1	1061 454
18	1709	0.0	1	1205 503 1
19	453	0.0	1	360 90 3
20	584	0.0	2	439 119 26
21	433	0.0	2	312 96 25
22	485	0.0	2	352 115 18
23	311	0.0	2	227 67 17
24	904	0.0	2	707 173 24
25	927	0.0	2	691 208 28
26	651	0.0	2	483 137 31
27	1312	0.0	2	928 309 75
28	2187	0.0	2	1579 501 106 1
29	1731	0.0	2	1279 385 59 8
30	1987	0.0	3	1269 515 153 50
31	1334	0.0	3	616 428 201 89
32	2765	0.0	3	1757 717 220 71
33	1085	0.0	3	658 310 90 27
34	5065	0.0	3	2258 1727 761 319
35	12492	0.0	3	4256 5212 2140 884
36	11954	0.0	3	8676 2423 675 180
37	5932	0.0	3	3897 1510 373 152
38	5591	0.0	3	4289 1034 221 47
39	3272	0.0	3	2276 788 160 48
40	4807	0.0	3	3720 928 137 22
41	4205	0.0	3	3106 933 151 15
42	10346	0.0	3	8586 1569 164 27
43	11200	0.0	3	9469 1491 212 28
44	7899	0.0	3	6264 1413 201 21
45	16765	0.0	3	14438 1994 291 42
46	2533	0.0	3	2011 431 81 10
47	1324	0.0	3	1073 210 37 4
48	1971	0.0	3	1639 276 47 9
49	1851	0.0	3	1561 234 48 8
50	2621	0.0	3	2147 398 65 11
51	6363	0.0	3	5476 744 120 23
52	9937	0.0	3	8726 993 175 43
53	27722	0.0	3	25357 1988 292 85
54	46698	0.0	3	42560 3568 432 138
55	271209	0.0	3	255564 12830 2131 684
56	942506	0.0	3	883296 51670 5812 1728
57	634202	0.0	3	597289 32462 3413 1038
58	174708	0.0	3	160553 12002 1635 518
59	79169	0.0	3	66251 10418 1811 689
60	11741	0.0	3	10908 716 85 32
61	6575	0.0	3	5495 895 132 53
62	2200	0.0	3	2002 177 16 5
63	2502	0.0	3	2300 169 27 6
64	1695	0.0	3	1611 72 7 5
65	905	0.0	3	814 75 13 3
66	1148	0.0	3	1089 47 6 6
67	452	0.0	3	423 25 4
68	506	0.0	3	489 15 2
69	270	0.0	3	252 16 1 1
70	234	0.0	3	219 12 3
71	3	0.0	3	1 1 1
72	11	0.0	3	10 1
73	81	0.0	3	77 3 0 1
74	148	0.0	3	139 9
75	209	0.0	3	197 11 1
76	365	0.0	3	345 14 6
77	435	0.0	3	414 18 2 1
78	187	0.0	3	176 8 3
79	102	0.0	3	96 4 2
80	71	0.0	3	66 5
81	53	0.0	3	48 4 1
82	88	0.0	3	86 0 1 1
83	126	0.0	3	74 31 11 10
84	81	0.0	3	80 1
85	76	0.0	3	68 6 0 2
86	60	0.0	3	57 3
87	72	0.0	3	64 7 0 1
88	32	0.0	3	26 6
89	50	0.0	3	47 3
90	25	0.0	3	23 2
91	32	0.0	3	30 2
92	27	0.0	3	24 3
93	207	0.0	3	187 15 3 2
94	36	0.0	3	35 1
95	31	0.0	3	31
96	30	0.0	3	29 1
97	10	0.0	3	8 2
98	20	0.0	3	19 1
99	26	0.0	3	24 2
100	31	0.0	3	27 3 1
101	28	0.0	3	26 2
102	21	0.0	3	21
103	18	0.0	3	18
104	20	0.0	3	16 4
105	25	0.0	3	25
106	8	0.0	3	8
107	21	0.0	3	19 2
108	12	0.0	3	12
109	28	0.0	3	24 2 1 1
110	31	0.0	3	27 3 0 1
111	346	0.0	3	301 33 9 3
112	34	0.0	3	31 3
113	37	0.0	3	33 4
114	12	0.0	3	12
115	11	0.0	3	9 1 1
116	32	0.0	3	16 7 8 1
117	14	0.0	3	12 1 1
118	11	0.0	3	8 3
119	21	0.0	3	16 3 2
120	146	0.0	3	95 38 10 3
121	3340	0.0	3	2770 460 87 23
122	387	0.0	3	351 26 6 4
123	485	0.0	3	424 56 2 3
124	17	0.0	3	13 4
125	64	0.0	3	57 6 0 1
126	6	0.0	3	4 0 2
127	5	0.0	3	5
129	2	0.0	3	2
130	1	0.0	3	1
131	1	0.0	3	1
132	3	0.0	3	3
133	4	0.0	3	3 0 0 1
134	5	0.0	3	4 0 1
135	66	0.0	3	65 1
136	4	0.0	3	3 1
137	1	0.0	3	1
140	1	0.0	3	0 1
142	1	0.0	3	1
147	2	0.0	3	0 0 2
148	2	0.0	3	0 0 2
149	16	0.0	3	0 1 5 10
150	123	0.0	3	0 10 101 12
151	1543	0.0	3	0 1489 51 3


=== Second read: Adapter 2 ===

Sequence: AGATCGGAAGAGCGTCGTGTAGGGAAAGAGTGT; Type: regular 3'; Length: 33; Trimmed: 2390763 times

Minimum overlap: 3
No. of allowed errors:
1-9 bp: 0; 10-19 bp: 1; 20-29 bp: 2; 30-33 bp: 3

Bases preceding removed adapters:
  A: 55.3%
  C: 26.5%
  G: 11.5%
  T: 6.7%
  none/other: 0.0%

Overview of removed sequences
length	count	expect	max.err	error counts
3	1108	38656.5	0	1108
4	1513	9664.1	0	1513
5	461	2416.0	0	461
6	333	604.0	0	333
7	388	151.0	0	388
8	308	37.8	0	308
9	395	9.4	0	393 2
10	248	2.4	1	220 28
11	449	0.6	1	395 54
12	620	0.1	1	506 114
13	487	0.0	1	425 62
14	1190	0.0	1	1041 149
15	305	0.0	1	253 52
16	501	0.0	1	424 77
17	2906	0.0	1	2339 567
18	537	0.0	1	428 109
19	841	0.0	1	614 227
20	362	0.0	2	268 80 14
21	316	0.0	2	239 72 5
22	182	0.0	2	135 35 12
23	195	0.0	2	142 43 10
24	1075	0.0	2	753 273 49
25	413	0.0	2	289 107 17
26	404	0.0	2	298 86 20
27	650	0.0	2	436 188 26
28	302	0.0	2	196 81 25
29	512	0.0	2	362 113 37
30	936	0.0	3	578 241 83 34
31	1014	0.0	3	623 256 97 38
32	1946	0.0	3	1168 507 200 71
33	1119	0.0	3	666 252 128 73
34	13693	0.0	3	5594 4387 2515 1197
35	17904	0.0	3	10166 4792 2156 790
36	12034	0.0	3	8277 2680 809 268
37	5823	0.0	3	3302 1494 662 365
38	1178	0.0	3	823 246 78 31
39	1029	0.0	3	608 287 92 42
40	534	0.0	3	411 97 23 3
41	535	0.0	3	395 109 24 7
42	442	0.0	3	347 69 24 2
43	628	0.0	3	499 103 22 4
44	404	0.0	3	245 86 50 23
45	1147	0.0	3	707 284 103 53
46	2992	0.0	3	2246 591 124 31
47	912	0.0	3	595 222 70 25
48	808	0.0	3	580 173 39 16
49	1685	0.0	3	1174 386 105 20
50	1337	0.0	3	971 279 75 12
51	1949	0.0	3	1394 379 131 45
52	8585	0.0	3	6798 1336 351 100
53	27162	0.0	3	23282 3128 583 169
54	54013	0.0	3	45436 6931 1364 282
55	61415	0.0	3	48910 9759 2177 569
56	1189170	0.0	3	1078304 97647 10694 2525
57	653791	0.0	3	587123 57149 7690 1829
58	111917	0.0	3	97496 11666 2066 689
59	149295	0.0	3	122535 21813 4030 917
60	15388	0.0	3	12951 1974 356 107
61	14416	0.0	3	12135 1836 358 87
62	1290	0.0	3	1108 143 30 9
63	4378	0.0	3	3688 542 104 44
64	1265	0.0	3	1154 92 15 4
65	910	0.0	3	806 91 9 4
66	574	0.0	3	518 45 10 1
67	473	0.0	3	415 49 8 1
68	239	0.0	3	217 16 6
69	261	0.0	3	230 29 1 1
70	430	0.0	3	398 26 6
71	462	0.0	3	420 34 4 4
72	424	0.0	3	397 20 5 2
73	486	0.0	3	452 33 1
74	326	0.0	3	308 18
75	241	0.0	3	231 8 1 1
76	104	0.0	3	100 4
77	226	0.0	3	205 19 1 1
78	137	0.0	3	130 7
79	87	0.0	3	82 4 1
80	65	0.0	3	58 5 1 1
81	51	0.0	3	45 5 1
82	77	0.0	3	73 4
83	116	0.0	3	93 19 2 2
84	70	0.0	3	65 5
85	78	0.0	3	67 8 3
86	50	0.0	3	46 4
87	60	0.0	3	53 6 1
88	28	0.0	3	23 5
89	50	0.0	3	47 3
90	24	0.0	3	21 2 0 1
91	31	0.0	3	27 3 0 1
92	25	0.0	3	23 2
93	197	0.0	3	175 19 1 2
94	37	0.0	3	33 2 1 1
95	30	0.0	3	28 1 1
96	29	0.0	3	28 1
97	8	0.0	3	8
98	19	0.0	3	19
99	25	0.0	3	22 3
100	27	0.0	3	23 4
101	25	0.0	3	22 1 2
102	20	0.0	3	18 2
103	19	0.0	3	18 1
104	20	0.0	3	19 1
105	25	0.0	3	24 1
106	10	0.0	3	10
107	17	0.0	3	16 1
108	14	0.0	3	13 1
109	22	0.0	3	18 3 1
110	17	0.0	3	14 1 2
111	355	0.0	3	345 10
112	32	0.0	3	31 0 1
113	34	0.0	3	31 3
114	7	0.0	3	6 1
115	9	0.0	3	9
116	32	0.0	3	10 7 9 6
117	12	0.0	3	11 1
118	15	0.0	3	13 0 1 1
119	10	0.0	3	7 2 0 1
120	125	0.0	3	108 12 5
121	3285	0.0	3	3062 175 30 18
122	377	0.0	3	344 28 3 2
123	491	0.0	3	471 18 0 2
124	12	0.0	3	12
125	64	0.0	3	59 5
126	4	0.0	3	4
127	7	0.0	3	7
128	1	0.0	3	0 1
129	1	0.0	3	1
130	1	0.0	3	1
131	1	0.0	3	1
132	3	0.0	3	3
133	5	0.0	3	4 1
134	7	0.0	3	7
135	64	0.0	3	59 5
136	4	0.0	3	3 1
137	1	0.0	3	1
142	1	0.0	3	1
151	2	0.0	3	0 1 1
