This is cutadapt 5.2 with Python 3.11.15
Command line parameters: -a AGATCGGAAGAGCACACGTCTGAACTCCAGTCA -A AGATCGGAAGAGCGTCGTGTAGGGAAAGAGTGT -q 30,30 -m 30 -o /scratch/users/taerim/projects/YiLu_DNAzyme/v1_clean/results/nKG20/nKG20_R1_trimmed.fastq.gz -p /scratch/users/taerim/projects/YiLu_DNAzyme/v1_clean/results/nKG20/nKG20_R2_trimmed.fastq.gz /scratch/users/taerim/projects/YiLu_DNAzyme/v1_clean/data/nKG/nKG20_L001/nKG20_S10_L001_R1_001.fastq.gz /scratch/users/taerim/projects/YiLu_DNAzyme/v1_clean/data/nKG/nKG20_L001/nKG20_S10_L001_R2_001.fastq.gz
Processing paired-end reads on 1 core ...

=== Summary ===

Total read pairs processed:          3,053,440
  Read 1 with adapter:               2,938,996 (96.3%)
  Read 2 with adapter:               2,960,954 (97.0%)

== Read fate breakdown ==
Pairs that were too short:              90,490 (3.0%)
Pairs written (passing filters):     2,962,950 (97.0%)

Total basepairs processed:   922,138,880 bp
  Read 1:   461,069,440 bp
  Read 2:   461,069,440 bp
Quality-trimmed:              22,180,960 bp (2.4%)
  Read 1:    14,100,371 bp
  Read 2:     8,080,589 bp
Total written (filtered):    561,561,982 bp (60.9%)
  Read 1:   280,503,645 bp
  Read 2:   281,058,337 bp

=== First read: Adapter 1 ===

Sequence: AGATCGGAAGAGCACACGTCTGAACTCCAGTCA; Type: regular 3'; Length: 33; Trimmed: 2938996 times

Minimum overlap: 3
No. of allowed errors:
1-9 bp: 0; 10-19 bp: 1; 20-29 bp: 2; 30-33 bp: 3

Bases preceding removed adapters:
  A: 52.1%
  C: 37.0%
  G: 6.7%
  T: 4.0%
  none/other: 0.1%

Overview of removed sequences
length	count	expect	max.err	error counts
3	1343	47710.0	0	1343
4	2634	11927.5	0	2634
5	478	2981.9	0	478
6	186	745.5	0	186
7	98	186.4	0	98
8	192	46.6	0	192
9	423	11.6	0	423
10	250	2.9	1	220 30
11	286	0.7	1	244 42
12	310	0.2	1	251 59
13	274	0.0	1	227 47
14	283	0.0	1	243 40
15	295	0.0	1	239 56
16	665	0.0	1	495 170
17	2046	0.0	1	1474 572
18	1599	0.0	1	1197 402
19	558	0.0	1	455 98 5
20	591	0.0	2	437 118 36
21	408	0.0	2	297 85 26
22	457	0.0	2	337 100 20
23	258	0.0	2	190 59 9
24	1049	0.0	2	835 188 26
25	966	0.0	2	734 200 32
26	591	0.0	2	422 136 33
27	1221	0.0	2	920 256 45
28	1199	0.0	2	881 266 52
29	1827	0.0	2	1412 365 49 1
30	1757	0.0	3	1176 407 129 45
31	1373	0.0	3	574 472 213 114
32	2158	0.0	3	1432 501 172 53
33	2052	0.0	3	1428 467 123 34
34	4947	0.0	3	2570 1422 628 327
35	16655	0.0	3	5481 7337 2733 1104
36	10403	0.0	3	7335 2238 605 225
37	9124	0.0	3	6982 1701 329 112
38	6980	0.0	3	5365 1358 222 35
39	13764	0.0	3	11115 2265 333 51
40	14967	0.0	3	12256 2361 307 43
41	7257	0.0	3	5965 1105 160 27
42	8375	0.0	3	6960 1201 184 30
43	7083	0.0	3	5750 1126 172 35
44	9538	0.0	3	7606 1625 263 44
45	15649	0.0	3	13254 2029 310 56
46	2661	0.0	3	2066 485 83 27
47	1776	0.0	3	1409 306 54 7
48	1846	0.0	3	1509 267 61 9
49	1623	0.0	3	1332 244 37 10
50	2783	0.0	3	2261 406 88 28
51	6577	0.0	3	5462 894 179 42
52	11153	0.0	3	9642 1254 195 62
53	23541	0.0	3	21249 1856 327 109
54	42149	0.0	3	37635 3773 556 185
55	334328	0.0	3	312729 17374 3095 1130
56	1528532	0.0	3	1430758 84798 9826 3150
57	488770	0.0	3	456429 28139 3210 992
58	161574	0.0	3	146039 13111 1828 596
59	137157	0.0	3	115957 16919 3176 1105
60	11940	0.0	3	11098 697 104 41
61	9420	0.0	3	8203 1009 153 55
62	2624	0.0	3	2382 202 33 7
63	3454	0.0	3	3092 308 42 12
64	1562	0.0	3	1467 82 11 2
65	946	0.0	3	850 80 12 4
66	995	0.0	3	950 36 6 3
67	416	0.0	3	390 23 3
68	486	0.0	3	464 20 2
69	267	0.0	3	251 16
70	175	0.0	3	169 6
71	2	0.0	3	2
72	9	0.0	3	5 4
73	57	0.0	3	53 1 2 1
74	76	0.0	3	75 1
75	135	0.0	3	123 11 0 1
76	245	0.0	3	229 14 2
77	252	0.0	3	230 18 4
78	78	0.0	3	72 5 1
79	62	0.0	3	61 1
80	51	0.0	3	51
81	45	0.0	3	41 4
82	75	0.0	3	69 5 1
83	117	0.0	3	66 39 10 2
84	69	0.0	3	62 7
85	90	0.0	3	81 6 3
86	49	0.0	3	43 6
87	32	0.0	3	27 3 2
88	27	0.0	3	26 1
89	32	0.0	3	31 1
90	20	0.0	3	20
91	26	0.0	3	19 6 1
92	29	0.0	3	24 5
93	316	0.0	3	295 20 1
94	14	0.0	3	14
95	29	0.0	3	25 2 2
96	15	0.0	3	15
97	14	0.0	3	14
98	27	0.0	3	26 1
99	20	0.0	3	19 1
100	24	0.0	3	23 1
101	21	0.0	3	20 1
102	20	0.0	3	19 1
103	8	0.0	3	7 1
104	15	0.0	3	14 1
105	17	0.0	3	15 1 0 1
106	22	0.0	3	20 2
107	12	0.0	3	10 2
108	8	0.0	3	5 2 1
109	16	0.0	3	15 1
110	31	0.0	3	21 6 2 2
111	560	0.0	3	492 55 7 6
112	7	0.0	3	6 1
113	27	0.0	3	26 0 1
114	11	0.0	3	10 1
115	41	0.0	3	24 8 8 1
116	23	0.0	3	13 4 4 2
117	26	0.0	3	16 6 3 1
118	12	0.0	3	10 1 1
119	19	0.0	3	13 4 2
120	117	0.0	3	84 24 4 5
121	2072	0.0	3	1595 394 67 16
122	202	0.0	3	182 16 3 1
123	165	0.0	3	144 16 3 2
124	5	0.0	3	4 1
125	19	0.0	3	13 4 2
126	2	0.0	3	1 0 1
127	3	0.0	3	3
128	1	0.0	3	1
129	1	0.0	3	1
131	2	0.0	3	2
132	1	0.0	3	1
134	17	0.0	3	15 1 1
135	127	0.0	3	116 9 2
136	1	0.0	3	1
137	3	0.0	3	3
140	1	0.0	3	1
141	2	0.0	3	0 1 1
142	1	0.0	3	0 0 1
143	1	0.0	3	1
144	81	0.0	3	76 5
145	3	0.0	3	1 2
147	2	0.0	3	0 1 0 1
148	5	0.0	3	0 2 1 2
149	38	0.0	3	0 2 16 20
150	280	0.0	3	0 44 219 17
151	3587	0.0	3	0 3427 158 2


=== Second read: Adapter 2 ===

Sequence: AGATCGGAAGAGCGTCGTGTAGGGAAAGAGTGT; Type: regular 3'; Length: 33; Trimmed: 2960954 times

Minimum overlap: 3
No. of allowed errors:
1-9 bp: 0; 10-19 bp: 1; 20-29 bp: 2; 30-33 bp: 3

Bases preceding removed adapters:
  A: 59.0%
  C: 31.2%
  G: 5.6%
  T: 4.2%
  none/other: 0.0%

Overview of removed sequences
length	count	expect	max.err	error counts
3	1314	47710.0	0	1314
4	1852	11927.5	0	1852
5	402	2981.9	0	402
6	131	745.5	0	131
7	373	186.4	0	373
8	401	46.6	0	401
9	406	11.6	0	406
10	229	2.9	1	200 29
11	458	0.7	1	392 66
12	711	0.2	1	571 140
13	436	0.0	1	377 59
14	885	0.0	1	781 104
15	327	0.0	1	286 41
16	469	0.0	1	384 85
17	3291	0.0	1	2570 721
18	437	0.0	1	344 93
19	908	0.0	1	673 235
20	244	0.0	2	170 60 14
21	288	0.0	2	218 56 14
22	159	0.0	2	102 42 15
23	186	0.0	2	135 48 3
24	688	0.0	2	465 182 41
25	286	0.0	2	180 77 29
26	323	0.0	2	223 85 15
27	681	0.0	2	469 181 31
28	159	0.0	2	99 46 14
29	609	0.0	2	447 139 22 1
30	431	0.0	3	223 122 62 24
31	1762	0.0	3	947 512 213 90
32	2288	0.0	3	1080 674 366 168
33	2362	0.0	3	1096 610 430 226
34	7206	0.0	3	2722 2338 1410 736
35	23800	0.0	3	11959 7035 3320 1486
36	8775	0.0	3	5685 2050 746 294
37	3706	0.0	3	1909 999 552 246
38	750	0.0	3	480 197 56 17
39	1384	0.0	3	984 293 86 21
40	1047	0.0	3	727 235 73 12
41	492	0.0	3	325 123 33 11
42	560	0.0	3	373 130 41 16
43	410	0.0	3	276 102 27 5
44	514	0.0	3	311 136 47 20
45	1237	0.0	3	762 324 110 41
46	2832	0.0	3	2070 583 150 29
47	1568	0.0	3	973 412 139 44
48	1054	0.0	3	686 266 78 24
49	2272	0.0	3	1529 538 154 51
50	1474	0.0	3	1018 316 100 40
51	1903	0.0	3	1264 447 146 46
52	7741	0.0	3	5823 1373 440 105
53	20977	0.0	3	17362 2878 580 157
54	60474	0.0	3	48009 9820 2203 442
55	73360	0.0	3	55411 13749 3373 827
56	1797477	0.0	3	1613909 161213 18391 3964
57	469339	0.0	3	410800 49202 7644 1693
58	111677	0.0	3	92019 15779 3000 879
59	284031	0.0	3	224500 48015 9594 1922
60	14775	0.0	3	11847 2295 498 135
61	19326	0.0	3	16162 2582 486 96
62	1160	0.0	3	921 189 41 9
63	6245	0.0	3	4972 973 237 63
64	1032	0.0	3	934 85 12 1
65	870	0.0	3	760 94 12 4
66	504	0.0	3	458 38 7 1
67	328	0.0	3	272 48 6 2
68	198	0.0	3	180 17 1
69	231	0.0	3	187 38 4 2
70	406	0.0	3	368 34 4
71	299	0.0	3	275 22 2
72	354	0.0	3	318 33 3
73	316	0.0	3	289 25 2
74	161	0.0	3	153 8
75	121	0.0	3	117 3 0 1
76	73	0.0	3	62 8 2 1
77	139	0.0	3	133 6
78	61	0.0	3	52 5 4
79	55	0.0	3	52 3
80	42	0.0	3	34 7 1
81	45	0.0	3	32 11 2
82	72	0.0	3	68 3 0 1
83	109	0.0	3	83 19 6 1
84	66	0.0	3	57 8 1
85	80	0.0	3	69 11
86	50	0.0	3	46 4
87	36	0.0	3	31 5
88	23	0.0	3	20 3
89	30	0.0	3	30
90	18	0.0	3	16 1 0 1
91	25	0.0	3	23 1 0 1
92	24	0.0	3	17 7
93	312	0.0	3	278 28 5 1
94	15	0.0	3	12 3
95	29	0.0	3	26 3
96	13	0.0	3	11 1 1
97	15	0.0	3	15
98	21	0.0	3	18 3
99	19	0.0	3	15 3 1
100	24	0.0	3	23 1
101	17	0.0	3	13 3 1
102	16	0.0	3	15 1
103	7	0.0	3	6 0 1
104	15	0.0	3	12 2 1
105	15	0.0	3	14 1
106	19	0.0	3	16 2 1
107	11	0.0	3	9 1 1
108	8	0.0	3	5 2 1
109	16	0.0	3	16
110	17	0.0	3	17
111	581	0.0	3	542 34 5
112	6	0.0	3	5 1
113	26	0.0	3	26
114	8	0.0	3	5 2 1
115	40	0.0	3	26 8 5 1
116	27	0.0	3	9 7 7 4
117	25	0.0	3	18 2 1 4
118	8	0.0	3	6 1 0 1
119	12	0.0	3	5 5 2
120	66	0.0	3	58 5 3
121	2090	0.0	3	1920 152 11 7
122	194	0.0	3	176 15 1 2
123	180	0.0	3	165 11 2 2
124	6	0.0	3	6
125	18	0.0	3	15 3
127	4	0.0	3	4
128	1	0.0	3	1
129	1	0.0	3	1
131	2	0.0	3	2
132	1	0.0	3	1
133	1	0.0	3	1
134	15	0.0	3	13 1 0 1
135	131	0.0	3	118 10 2 1
136	1	0.0	3	1
137	3	0.0	3	3
140	1	0.0	3	1
143	7	0.0	3	6 1
144	75	0.0	3	74 1
145	2	0.0	3	2
147	1	0.0	3	1
149	1	0.0	3	1
151	1	0.0	3	0 0 1
